005930
005380
005490
000660
015760
035420
012330
055550
017670
005935
000270
032830
051910
105560
000810
090430
033780
034220
003550
086280
086790
000830
066570
034730
009540
006400
023530
053000
024110
030200
004020
003600
002790
096770
051900
035250
010130
000720
002380
139480
021240
161390
029780
011170
088350
010140
011210
018880
001800
001040
032640
097950
010950
036460
005387
068270
008770
042660
005830
047050
138930
009150
078930
051600
069960
047810
006800
016360
000120
047040
010060
012630
034230
005385
036570
004990
012750
000210
071050
034020
011070
004800
001450
030000
114090
006360
009240
005300
010620
111770
009830
000150
060980
042670
000670
052690
028050
001740
088980
026960
005940
011780
139130
006260
004170
003490
012450
000100
000880
035720
035760
007310
037620
000240
108670
064350
192400
005440
007070
057050
010120
130960
011200
071840
010520
002550
001680
073240
028150
000080
046890
004370
027410
051915
006280
120110
003240
117930
078340
001430
105630
002350
003690
000060
033630
009970
006120
003450
006040
082640
016170
181710
011790
122900
086900
090435
037560
161890
049770
008560
053210
079160
022100
039490
001120
081660
018670
192820
015750
002270
030530
039030
192520
003300
004000
005610
093050
121440
069260
010780
168330
096530
016420
128940
020560
003620
003670
041510
031430
138040
033920
103140
005180
011760
006840
005250
084990
069620
039130
122870
170900
020000
003410
008930
002240
056190
900140
005850
004700
071320
002960
180640
084690
029530
108790
017800
034830
079430
006730
058650
112040
028670
063080
000070
175330
000815
115390
035080
066575
185750
123420
085660
017390
005880
004690
058470
004490
008000
011160
097230
001230
091700
003540
008490
001720
003920
082270
003000
019680
003030
084110
024660
051905
068870
030520
200880
024720
034310
064960
192530
101060
072710
048260
041140
000370
023590
084870
036580
082740
003470
126560
025540
009290
034120
014620
041960
006650
000640
036490
004150
009680
000480
005990
099190
000050
044820
052400
013030
017810
003457
007340
014820
021960
007570
015350
017940
005720
003090
036830
043370
060720
037710
000230
030610
033660
072870
002320
014470
067280
016450
095660
042700
012320
008060
078160
004970
025860
950100
000430
007210
079980
051500
102940
009410
094800
044490
027390
009450
023890
068400
078020
020150
052790
077360
145990
014830
000680
054950
031440
054670
016100
053800
001725
049960
095700
108320
025900
002990
054050
038060
094840
033530
002810
183190
016800
023160
066270
032350
010690
098460
038500
001440
003200
078520
014680
003530
005810
004560
001500
003570
001130
035810
035600
004360
012700
171120
002795
046140
021820
102460
043610
008730
100120
005090
043150
136480
950130
011040
052260
067160
014280
016580
002390
084370
024950
001510
002450
002020
097955
003480
041830
000155
009580
031390
900120
003850
136490
005389
005500
000860
086450
036190
000390
025770
067830
168490
034810
080160
104830
013120
092230
000140
051310
011810
018310
100700
003520
007690
033500
003160
900040
038290
000320
104700
100130
069080
025000
103590
015860
012610
083790
036030
000540
005740
013570
023410
003940
065150
002000
051360
053980
002620
033560
031980
004840
005680
036530
004710
100250
115160
004130
008020
026040
048550
161000
001880
036800
101730
060250
000990
001790
019210
102260
114120
003800
093370
051370
019440
000490
020760
060590
036420
005710
030190
001045
095340
017960
089470
007860
013990
119610
003120
010050
005160
036710
001520
004250
000835
001060
015360
033240
029460
002170
012510
011370
093920
016250
149950
152550
048530
024910
092440
002310
021320
038390
007660
013520
044340
001540
007980
075180
104480
046440
014790
054780
067000
085310
053740
004980
036540
104200
086980
001250
033130
000400
002030
001630
072470
107590
008040
032500
009440
085810
080420
007810
032190
086960
085370
016610
108230
018120
012160
069110
900180
088390
123260
002920
140410
092040
053030
084680
094280
151860
023000
123410
004380
007160
071200
003220
003230
064260
016710
065620
009160
003545
012860
001940
033270
041520
001530
006370
092070
034950
019540
061460
089600
054620
000250
036930
095720
019170
042420
067310
071055
041650
074600
001460
067290
049080
060300
073110
117580
035900
042520
044450
079370
069640
006220
000215
015890
077970
095270
009420
005390
005950
035510
003555
123100
130660
037950
002460
007700
084010
038540
002210
078070
123750
024090
005290
002150
006405
001390
000850
143160
004430
009270
011280
036560
071970
083650
131370
003280
003460
010955
027050
103130
002300
095610
090350
105840
050890
008250
138070
155960
068760
049070
000020
012200
031330
131030
066700
046210
004890
037370
002780
001780
052330
024900
154040
006380
039860
013870
064240
002840
009520
003100
079950
122990
005690
000800
030210
004060
053450
121600
068240
026890
025750
058860
108380
040610
033170
028300
065510
034590
133820
094850
041020
096760
122350
003070
027580
014940
001210
004540
054800
078000
039560
001270
066620
060570
078150
049520
060370
002880
005945
016590
025980
138490
035000
129260
023600
003650
102120
033640
000180
128820
114810
092200
123700
149980
035890
067080
036000
011785
052770
035150
000970
058850
027710
060310
002360
159580
141080
104540
123330
005305
010100
029960
077500
143240
141000
011320
039830
008350
007540
041440
080000
064550
006390
005010
083420
052190
053110
012690
067570
000300
060280
079660
036220
032620
097870
022220
040300
102710
016380
091090
045100
086520
030350
016880
100840
065680
060150
131290
108675
003640
002100
144620
016090
086890
095190
049550
122450
004910
000700
038880
170030
015020
004960
090370
090850
163560
014100
005800
006880
013580
090410
028080
034940
001200
045390
009180
048770
089030
002820
003830
123860
126700
095500
035610
093190
138080
900080
058610
151910
043650
100220
063160
069510
018000
033230
052220
091120
096640
052710
033160
092130
071850
040350
036890
040910
009770
080520
023910
082210
049830
053300
004650
064760
123690
017890
072020
102280
097780
099440
009200
052270
136540
040420
000500
078140
019300
090460
013450
015590
017900
017040
053700
028100
012790
900050
039980
049180
033110
006980
047310
069410
150840
052420
037350
010820
048430
101330
003560
008970
006490
001340
106190
058400
066900
066970
006660
000040
009070
095910
076610
002700
023810
005430
036670
047400
067990
015230
011150
001020
058820
037070
074430
024830
057500
014160
042110
009155
141020
131970
079960
002200
039530
056080
039840
041930
039310
006060
134780
014710
005190
001750
053280
008290
026180
115310
000890
032560
006805
001620
038870
014530
126600
015710
061250
007590
024070
011090
025320
023900
099320
078890
096240
007110
053610
065270
094820
089980
003610
004780
020710
010960
059100
098120
034300
066670
122690
170920
082920
138360
014440
007820
003060
065530
009300
011720
006125
019685
111870
120030
053350
039440
018470
037340
068930
012170
089010
089850
058430
134380
016670
096630
002250
088800
092730
006140
088910
106240
004870
056700
023760
007720
050110
001840
003080
021080
102210
041460
032850
003960
035480
012800
096775
001260
000590
082850
120115
023800
017550
114570
001560
127120
065650
005420
065160
038950
069330
119860
038110
079940
061970
065570
058730
105550
001080
010040
153490
047080
037440
053660
000950
067170
008260
108860
004080
025530
004450
003605
046390
097520
081000
092220
010660
006340
068150
008600
047560
150900
048910
036630
062860
101390
091590
037330
001360
024880
090730
000910
066130
038680
014190
054210
014580
025850
192390
011500
073490
024890
002140
115450
078600
008775
036090
006890
004310
018680
053620
000157
109860
094190
004200
002230
088130
014990
032860
061040
900090
185490
004770
066910
063570
093320
057030
084670
041910
060560
101170
068290
036640
050120
045970
003547
042500
096610
017480
005960
155660
008700
011000
119650
023150
019550
050090
084730
046070
001810
005980
033430
001380
017510
033540
065060
006570
112240
011930
065130
002710
019770
039340
005870
003925
037270
027830
036010
011560
082800
091580
084650
036500
083930
005620
101680
086390
000650
159650
101970
131180
196450
023350
031510
058630
081580
083450
032040
040160
045660
043100
153360
155900
025950
003720
101930
119850
094480
038340
090470
000220
105740
111820
005070
080220
099340
048410
075130
023460
000760
067920
002630
090120
054040
005750
032960
024810
002600
036690
002900
123040
172580
120240
126640
159910
043090
012280
054450
053260
078935
071930
033830
043290
068790
039020
043200
041590
059210
025560
051630
068050
100090
137400
106520
006920
063170
161570
032980
007370
115480
013810
005860
003350
012030
170790
053050
071670
130580
007190
156100
024800
011080
002070
054540
065950
069730
052290
054090
090080
096300
080530
051390
011700
033180
010280
023430
079000
064480
087220
066350
001820
039290
049430
057680
049480
114190
149940
138690
001570
177830
035620
092460
079190
050860
068330
006740
024120
066410
101000
033200
083310
006910
011690
007330
018500
057540
053690
139200
021040
027740
049950
001470
033320
024840
025550
085910
033310
004367
041920
011420
002410
076080
950110
010170
052860
182690
066980
183490
066310
007610
031310
003010
126870
005360
009730
014570
065350
104460
114450
042370
137940
026940
900110
131390
114630
021050
007390
003465
067900
032750
017250
008470
017650
086670
004090
137950
058530
002355
018700
010770
009310
025440
127160
031820
004140
039200
017180
049630
068940
064520
001290
100660
179280
036170
012340
069140
049800
039420
069460
037400
024940
139050
121550
093520
089530
008420
187270
020120
001550
002680
008110
032680
025820
101490
050540
038460
015260
005820
051490
004100
086200
139670
004740
140890
065170
004270
059090
089150
079970
153460
017370
093230
002720
004830
106080
056360
009190
158380
080010
012620
117670
023450
033050
065940
038070
072130
032940
054920
033100
065420
053290
014970
082660
045060
045890
006580
074130
126880
052300
094970
043590
139170
017680
023440
006090
038010
018290
007630
155650
134580
032280
042510
037460
147830
110570
005320
032540
090740
065450
082390
088790
033340
071950
039610
002760
092600
054940
024060
048470
001465
090540
039240
010420
008370
073070
043260
039010
067010
003680
011300
071090
004590
047820
115610
014130
013360
068060
119500
054220
003780
083470
002220
066590
203400
099660
026150
004365
065440
014200
083550
093240
105330
009320
128660
115570
078650
037760
032790
049120
008870
049470
032800
123570
073540
100030
109080
036260
015540
001275
017000
052020
043220
090360
032820
065690
009460
171010
032080
086040
131220
093380
060900
036180
091970
025890
042600
047770
010470
009470
023790
192410
009780
087730
016600
096350
079650
007120
064820
019010
006110
008720
123840
044380
004410
099520
006200
070590
089790
115500
021650
124500
003310
016920
000440
001685
033290
089140
065560
013700
144630
004320
060230
036810
091690
084180
007280
048830
019990
024740
101240
044780
187770
099220
065770
000520
013000
009140
032580
039790
080470
900070
065710
099410
053270
011330
046940
007770
053590
064290
043340
030960
039230
044960
160350
052670
075970
039740
010600
042940
131100
030720
008500
088290
069540
089230
027040
078350
019490
052600
130740
006050
083640
101360
002870
094860
096690
114920
050760
086250
025270
035460
064800
019180
005110
089890
097800
081150
131400
030790
025880
047440
054930
027970
059120
001070
077280
009620
197140
900130
011390
145270
005030
063440
037230
036200
020180
035290
073010
018620
109820
115440
141070
154030
043360
053950
005450
048870
085670
041190
045520
121800
131090
071280
004720
052460
058450
051380
072770
010240
007460
054340
044060
130500
010640
116100
074150
096040
054180
057880
134790
072520
136510
104110
002290
115530
000105
035200
092300
058420
005255
066790
060380
046970
090150
052900
046110
091340
073190
158310
036120
003475
078860
109740
081970
070300
200130
121850
183350
056000
086060
058370
014350
053160
073640
079170
053810
038620
000087
036620
072950
181980
118000
138610
036480
008830
104040
019660
012600
192250
026260
090710
019590
051780
008800
053060
033790
203450
199150
051170
060540
003495
001000
005670
156170
093640
099830
098660
051980
113810
122800
001420
003580
067630
060240
033250
199800
046120
045510
007530
069920
204690
031860
101400
067770
063840
039670
054630
004135
011230
038530
104120
014910
095300
009810
023960
065500
000360
103230
078590
091440
004255
066430
148250
060260
165270
001770
045300
101670
082220
039850
005725
042040
025620
119830
026910
040670
025870
094940
004920
049720
082260
083660
189700
079810
000420
134060
082250
082240
044480
058220
182360
121890
033600
043710
008900
140290
054410
184230
002025
198440
010580
045340
002420
056730
044180
000075
078780
096870
066110
020400
140910
078130
101140
024850
081940
177350
107640
043580
028040
013720
900100
078940
198940
005257
003945
007815
001140
083600
003535
053330
029480
081930
043910
186230
144740
179720
083570
202960
083580
083590
187790
109070
189350
064090
178600
054300
084440
073570
101160
019570
090980
001689
009835
030270
158300
091000
090970
051160
050320
053870
090990
084695
021880
074610
083610
136660
086830
083620
001795
081190
081200
080440
109960
005745
119250
151750
065180
099350
094360
189540
192240
002005
064850
140660
18064K
009415
000885
189330
083350
083380
083370
083360
111610
185190
083390
007575
126340
019175
145995
081210
046310
194610
023770
085980
000687
000225
016385
068875
086460
060910
138440
183410
000995
000145
149130
012205
194860
000725
032420
014285
014825
001799
001755
004565
004985
001515
005965
00781K
950010
010145
090355
179440
092630
001527
004325
185280
002995
000325
006345
004989
021045
004835
004105
003075
004545
007197
000545
001745
103650
001525
000327
004987
001065
013367
003415
000365
000997
032685
003419
000425
008355
011155
004415
001067
000227
002785
014915
001529
009275
000547
012335
053595
000895
002787
008705
